image_width: 640
image_height: 480
camera_name: narrow_stereo
camera_matrix:
  rows: 3
  cols: 3
  data: [1176.98413,    0.     ,  170.7761 ,
            0.     , 1127.31735,   66.5227 ,
            0.     ,    0.     ,    1.     ]
distortion_model: plumb_bob
distortion_coefficients:
  rows: 1
  cols: 5
  data: [-0.036074, 0.106984, -0.026293, -0.017267, 0.000000]
rectification_matrix:
  rows: 3
  cols: 3
  data: [1., 0., 0.,
         0., 1., 0.,
         0., 0., 1.]
projection_matrix:
  rows: 3
  cols: 4
  data: [1159.677  ,    0.     ,  166.5843 ,    0.     ,
            0.     , 1105.71753,   61.20345,    0.     ,
            0.     ,    0.     ,    1.     ,    0.     ]
