# oST version 5.0 parameters


[image]

width
640

height
480

[narrow_stereo]

camera matrix
1176.984131 0.000000 170.776103
0.000000 1127.317353 66.522704
0.000000 0.000000 1.000000

distortion
-0.036074 0.106984 -0.026293 -0.017267 0.000000

rectification
1.000000 0.000000 0.000000
0.000000 1.000000 0.000000
0.000000 0.000000 1.000000

projection
1159.677002 0.000000 166.584295 0.000000
0.000000 1105.717529 61.203449 0.000000
0.000000 0.000000 1.000000 0.000000
